rho_bin_0_count	rho_bin_1_count	rho_bin_2_count	rho_bin_3_count	rho_bin_4_count	rho_bin_5_count	rho_bin_6_count	rho_bin_7_count	rho_bin_8_count	rho_bin_9_count	rho_bin_10_count	Epoch	AverageEpRet	StdEpRet	MaxEpRet	MinEpRet	EpLen	AverageVVals	StdVVals	MaxVVals	MinVVals	TotalEnvInteracts	LossPi	LossV	DeltaLossPi	DeltaLossV	Entropy	KL	ClipFrac	StopIter	Time
tensor(25176)	tensor(3234)	tensor(8477)	tensor(10215)	tensor(10074)	tensor(7381)	tensor(4988)	tensor(3276)	tensor(2651)	tensor(1622)	tensor(2906)	0	125.77822	112.71618	742.7249	-10.0	3.6351228	-0.16744229	0.064197674	0.1339246	-0.37158793	4000	0.004966181	19324.3	-0.060193524	-1479.7715	6.155649	0.01642548	0.262	17.0	41.79390096664429
tensor(23759)	tensor(3327)	tensor(8486)	tensor(10295)	tensor(10423)	tensor(7770)	tensor(5448)	tensor(3329)	tensor(2692)	tensor(1741)	tensor(2730)	1	145.8421	119.13196	599.5244	-10.0	3.988036	8.462418	0.0005157305	8.462432	8.443593	8000	0.0049137156	20725.139	-0.06497591	-1007.25	6.141174	0.01599228	0.3435	18.0	79.72669005393982
tensor(22634)	tensor(3467)	tensor(8522)	tensor(10755)	tensor(10706)	tensor(7883)	tensor(5180)	tensor(3389)	tensor(2755)	tensor(1733)	tensor(2976)	2	159.66566	121.71426	746.64154	-10.0	4.1985292	14.226781	0.0005402655	14.226812	14.216593	12000	0.0051469253	22087.283	-0.06428068	-986.89844	6.1049232	0.015965857	0.393	17.0	116.3999674320221
tensor(21400)	tensor(3716)	tensor(8723)	tensor(10537)	tensor(11108)	tensor(8417)	tensor(5262)	tensor(3449)	tensor(2667)	tensor(1846)	tensor(2875)	3	180.79848	135.12817	970.538	-10.0	4.517514	19.791456	0.00012557596	19.79146	19.785843	16000	0.005124171	27835.682	-0.05376924	-1131.498	6.052972	0.015650155	0.29425	13.0	151.95797395706177
tensor(20665)	tensor(3698)	tensor(8657)	tensor(10711)	tensor(11124)	tensor(8461)	tensor(5637)	tensor(3784)	tensor(2766)	tensor(1769)	tensor(2728)	4	199.01999	146.37543	840.8157	-10.0	4.79952	25.607172	0.00016563376	25.60717	25.601679	20000	0.005056475	31728.12	-0.049091157	-1254.2109	5.9925756	0.016327946	0.31275	12.0	185.19925117492676
tensor(20125)	tensor(3649)	tensor(8796)	tensor(11123)	tensor(11269)	tensor(8503)	tensor(5633)	tensor(3882)	tensor(2722)	tensor(1773)	tensor(2525)	5	210.56944	150.51888	906.1939	-10.0	4.9321823	31.59656	8.81454e-05	31.596563	31.592514	24000	0.004900672	33592.23	-0.044005454	-1225.9219	5.918129	0.017092038	0.2845	11.0	219.34790754318237
tensor(19162)	tensor(3779)	tensor(8788)	tensor(11242)	tensor(11562)	tensor(8590)	tensor(5723)	tensor(3994)	tensor(2774)	tensor(1866)	tensor(2520)	6	234.22441	174.86955	1837.5247	-10.0	5.3209057	37.431744	4.3608223e-05	37.431744	37.428986	28000	0.00495844	47290.508	-0.045097895	-1465.125	5.83689	0.017013773	0.3275	11.0	251.20766592025757
tensor(17567)	tensor(4000)	tensor(9499)	tensor(12040)	tensor(12092)	tensor(8579)	tensor(5730)	tensor(3822)	tensor(2707)	tensor(1703)	tensor(2261)	7	269.63718	192.77219	1171.1948	-10.0	5.853587	43.65229	0.0	43.65229	43.65229	32000	0.004733537	54148.645	-0.045524683	-1840.4766	5.743842	0.017308211	0.352	11.0	281.80319118499756
tensor(17171)	tensor(3963)	tensor(9052)	tensor(12168)	tensor(12194)	tensor(8973)	tensor(5718)	tensor(3913)	tensor(2802)	tensor(1782)	tensor(2264)	8	288.6458	190.56189	1040.2195	-10.0	6.1209803	50.416195	3.099075e-05	50.416187	50.414295	36000	0.004787041	52806.992	-0.04271341	-1717.832	5.6374016	0.017064627	0.31175	10.0	311.34445214271545
tensor(15817)	tensor(4277)	tensor(9466)	tensor(13002)	tensor(12825)	tensor(8628)	tensor(5799)	tensor(3759)	tensor(2677)	tensor(1619)	tensor(2131)	9	345.93857	260.91904	1995.3002	-10.0	6.9634147	56.83376	2.564884e-05	56.833767	56.83221	40000	0.004662541	103336.875	-0.037158854	-2893.3516	5.5260634	0.01760565	0.27175	10.0	339.10309410095215
tensor(14758)	tensor(3977)	tensor(9793)	tensor(13111)	tensor(12748)	tensor(9174)	tensor(5672)	tensor(3929)	tensor(2800)	tensor(1801)	tensor(2237)	10	383.94473	299.392	3061.231	-10.0	7.6045628	64.706924	3.141954e-05	64.70694	64.705696	44000	0.004836524	146931.42	-0.038613223	-3437.9219	5.4027967	0.016764754	0.36225	11.0	366.5608763694763
tensor(13977)	tensor(4282)	tensor(10269)	tensor(13583)	tensor(13037)	tensor(8951)	tensor(5845)	tensor(3800)	tensor(2681)	tensor(1642)	tensor(1933)	11	435.55182	336.13507	1918.2909	-10.0	8.309772	72.90002	1.6038523e-05	72.9	72.899704	48000	0.00455328	165789.92	-0.034243688	-4127.1875	5.256204	0.016613945	0.3435	11.0	392.42554545402527
tensor(12722)	tensor(4325)	tensor(10589)	tensor(13851)	tensor(13716)	tensor(9311)	tensor(5622)	tensor(3950)	tensor(2637)	tensor(1606)	tensor(1671)	12	506.3709	406.9883	2667.9404	-10.0	9.327103	81.372894	1.4993265e-05	81.37289	81.37208	52000	0.0043664654	253790.36	-0.03352481	-5344.8594	5.1066523	0.015092515	0.40175	11.0	417.1859498023987
tensor(11865)	tensor(4436)	tensor(10746)	tensor(14442)	tensor(14088)	tensor(9021)	tensor(5559)	tensor(3987)	tensor(2632)	tensor(1506)	tensor(1718)	13	585.78033	504.07263	3085.4438	-10.0	10.551451	90.39684	1.5258789e-05	90.39683	90.39683	56000	0.0044064485	379823.84	-0.03186751	-7127.125	4.939305	0.016532876	0.2945	11.0	441.1797456741333
tensor(10598)	tensor(4797)	tensor(11797)	tensor(14560)	tensor(14396)	tensor(9322)	tensor(5515)	tensor(3846)	tensor(2474)	tensor(1390)	tensor(1305)	14	699.04944	647.0279	3966.1597	-10.0	12.152439	100.05344	1.575844e-05	100.05343	100.05293	60000	0.0040432266	655684.6	-0.032000277	-10576.5	4.7618556	0.015716368	0.4505	14.0	462.4799773693085
tensor(9528)	tensor(4639)	tensor(12342)	tensor(15793)	tensor(14801)	tensor(9091)	tensor(5575)	tensor(3722)	tensor(2239)	tensor(1215)	tensor(1055)	15	907.77704	790.6692	5511.0894	53.44099	15.256705	110.73243	2.2888184e-05	110.73245	110.73245	64000	0.0038067794	977054.4	-0.026958188	-13755.0	4.540413	0.016314175	0.4105	14.0	483.2910714149475
tensor(8866)	tensor(5013)	tensor(12808)	tensor(15817)	tensor(14925)	tensor(9050)	tensor(5120)	tensor(3648)	tensor(2296)	tensor(1263)	tensor(1194)	16	1022.3047	838.47845	3873.9172	-10.0	16.88983	121.735115	7.6293945e-06	121.73512	121.73512	68000	0.0039215316	1045024.9	-0.024683837	-13781.25	4.3680396	0.016559256	0.25975	13.0	502.651328086853
tensor(7938)	tensor(5261)	tensor(13855)	tensor(16637)	tensor(15030)	tensor(8479)	tensor(5160)	tensor(3497)	tensor(2155)	tensor(1026)	tensor(962)	17	1321.4127	1249.1166	7334.505	53.44078	21.126984	131.87596	1.5626296e-05	131.87598	131.87575	72000	0.003666593	2478569.8	-0.021629972	-24920.25	4.200812	0.01612725	0.27725	12.0	521.6452760696411
tensor(7447)	tensor(5453)	tensor(14217)	tensor(16528)	tensor(14632)	tensor(8768)	tensor(4977)	tensor(4004)	tensor(2038)	tensor(1128)	tensor(808)	18	1609.6237	1485.0321	7690.777	54.973854	25.388535	143.90697	1.5258789e-05	143.90695	143.90695	76000	0.003577109	3500463.0	-0.022271613	-29031.75	4.0306554	0.015783314	0.1505	16.0	539.8399407863617
tensor(6419)	tensor(5148)	tensor(15183)	tensor(17073)	tensor(15618)	tensor(8256)	tensor(4908)	tensor(3682)	tensor(1983)	tensor(978)	tensor(752)	19	2045.2715	1642.5365	7585.4844	119.843636	31.444445	155.56691	1.5258789e-05	155.56693	155.56693	80000	0.0035018062	4182262.2	-0.023067908	-32090.0	3.844935	0.015165118	0.1245	33.0	557.6920883655548
tensor(5662)	tensor(6523)	tensor(16266)	tensor(17170)	tensor(15235)	tensor(7857)	tensor(5076)	tensor(3334)	tensor(1627)	tensor(728)	tensor(522)	20	2688.788	2310.0435	10131.464	117.42708	39.85	166.66232	3.0517578e-05	166.6623	166.6623	84000	0.0031858825	8092843.5	-0.027826246	-49588.0	3.723623	0.015067678	0.29875	54.0	577.0380182266235
tensor(5496)	tensor(6607)	tensor(16680)	tensor(16735)	tensor(16215)	tensor(7392)	tensor(4850)	tensor(3192)	tensor(1598)	tensor(707)	tensor(528)	21	2912.2688	2644.5522	11343.677	119.804565	43.163044	178.8829	3.0517578e-05	178.88293	178.88293	88000	0.003172256	10475832.0	-0.023450425	-52343.0	3.6466205	0.015164515	0.1835	43.0	594.8349411487579
tensor(5438)	tensor(5955)	tensor(15812)	tensor(17286)	tensor(15763)	tensor(8278)	tensor(4851)	tensor(3499)	tensor(1790)	tensor(849)	tensor(479)	22	3018.9426	3049.6953	17605.61	119.85153	45.186047	190.27328	1.5258789e-05	190.2733	190.2733	92000	0.0032226352	15655349.0	-0.021892464	-58045.0	3.6001723	0.015047733	0.22025	29.0	611.2712774276733
tensor(5429)	tensor(7316)	tensor(17401)	tensor(17296)	tensor(14984)	tensor(7269)	tensor(4854)	tensor(3059)	tensor(1486)	tensor(525)	tensor(381)	23	4029.4912	4228.591	19089.482	117.44899	58.52941	201.21695	0.0	201.21695	201.21695	96000	0.002967105	26451782.0	-0.02022447	-88762.0	3.496225	0.015247625	0.21675	20.0	627.096165895462
tensor(5117)	tensor(7408)	tensor(17067)	tensor(16548)	tensor(16133)	tensor(7364)	tensor(4803)	tensor(3326)	tensor(1476)	tensor(447)	tensor(311)	24	4912.9688	5315.8296	26584.0	-10.0	71.34545	213.32187	3.0517578e-05	213.3219	213.3219	100000	0.002929563	44576396.0	-0.023162305	-110556.0	3.4270194	0.015021888	0.2075	55.0	644.2302041053772
tensor(4585)	tensor(6165)	tensor(16149)	tensor(18138)	tensor(16396)	tensor(7686)	tensor(4829)	tensor(3432)	tensor(1727)	tensor(601)	tensor(292)	25	4731.381	3776.7488	15671.361	117.39281	69.90909	225.45753	1.5258789e-05	225.45755	225.45755	104000	0.0030205117	20591734.0	-0.02540395	-58074.0	3.4094124	0.013282689	0.15975	79.0	663.0987837314606
tensor(4937)	tensor(7260)	tensor(17098)	tensor(17431)	tensor(15863)	tensor(7125)	tensor(5179)	tensor(2942)	tensor(1449)	tensor(436)	tensor(280)	26	5735.375	4750.681	16660.637	119.84147	82.895836	233.92891	6.1035156e-05	233.92885	233.92885	108000	0.0028943159	31053492.0	-0.020108929	-76244.0	3.3800254	0.015695632	0.18475	23.0	678.4581480026245
tensor(4788)	tensor(6704)	tensor(16722)	tensor(18413)	tensor(15334)	tensor(7280)	tensor(4553)	tensor(3355)	tensor(1816)	tensor(696)	tensor(339)	27	5277.1787	5739.785	26665.344	183.92934	77.68	242.96625	3.0522344e-05	242.96622	242.9662	112000	0.0030267227	46331400.0	-0.025807591	-91048.0	3.3442378	0.015492089	0.1955	43.0	694.7919766902924
tensor(4611)	tensor(6878)	tensor(16914)	tensor(18121)	tensor(15821)	tensor(7528)	tensor(4297)	tensor(3616)	tensor(1493)	tensor(461)	tensor(260)	28	5526.4644	5339.8223	27066.623	54.98741	80.87755	252.3777	3.0517578e-05	252.37773	252.37773	116000	0.0029158497	41840496.0	-0.019635627	-74848.0	3.273504	0.015129374	0.13025	48.0	711.1454515457153
tensor(4544)	tensor(7292)	tensor(17339)	tensor(17437)	tensor(15527)	tensor(7433)	tensor(4699)	tensor(3484)	tensor(1489)	tensor(498)	tensor(258)	29	5687.354	5029.021	18933.88	119.605576	82.4375	260.64862	3.0517578e-05	260.6486	260.6486	120000	0.0029098904	34163480.0	-0.01637822	-65548.0	3.2696419	0.015931137	0.15175	14.0	725.8937511444092
tensor(4109)	tensor(8517)	tensor(17921)	tensor(17058)	tensor(15644)	tensor(6955)	tensor(4477)	tensor(2969)	tensor(1526)	tensor(587)	tensor(237)	30	8162.7593	7397.7764	27066.92	183.8201	116.588234	268.16013	0.0	268.16013	268.16013	124000	0.002847495	70920390.0	-0.015676256	-121656.0	3.1138794	0.015037609	0.1765	26.0	742.1599395275116
tensor(4017)	tensor(4989)	tensor(15611)	tensor(20234)	tensor(16250)	tensor(7928)	tensor(4992)	tensor(3688)	tensor(1538)	tensor(497)	tensor(256)	31	6332.826	6808.1714	31851.623	248.09549	94.14634	277.76657	3.0517578e-05	277.76654	277.76654	128000	0.0030207664	65998140.0	-0.022661453	-97164.0	3.157447	0.01531522	0.33275	49.0	759.3984396457672
tensor(4032)	tensor(6463)	tensor(16554)	tensor(18493)	tensor(15846)	tensor(7937)	tensor(4514)	tensor(3456)	tensor(1808)	tensor(609)	tensor(288)	32	8444.562	7540.1685	33966.734	248.0346	124.4375	286.169	6.1035156e-05	286.16907	286.16907	132000	0.0030221944	73867920.0	-0.020918703	-107656.0	3.093985	0.015003	0.22625	71.0	776.4023199081421
tensor(4268)	tensor(5833)	tensor(16432)	tensor(19054)	tensor(16206)	tensor(7644)	tensor(5103)	tensor(3343)	tensor(1426)	tensor(490)	tensor(201)	33	6916.405	5611.6455	21897.445	116.99872	101.89744	294.61505	3.0517578e-05	294.61508	294.61508	136000	0.0029101803	42809690.0	-0.013260619	-64212.0	3.0951147	0.0152223725	0.18125	20.0	791.31236577034
tensor(3825)	tensor(7062)	tensor(18083)	tensor(18528)	tensor(15920)	tensor(6772)	tensor(4523)	tensor(3338)	tensor(1435)	tensor(362)	tensor(152)	34	9239.612	7305.599	27509.35	704.675	133.93103	301.13055	3.0517578e-05	301.13058	301.13058	140000	0.0027817353	69072470.0	-0.018262224	-97144.0	3.022013	0.015476841	0.1555	24.0	806.2949516773224
tensor(3418)	tensor(6526)	tensor(16963)	tensor(18700)	tensor(16751)	tensor(7478)	tensor(4256)	tensor(3435)	tensor(1843)	tensor(447)	tensor(183)	35	10207.389	8515.587	28039.127	183.94096	150.92	308.7667	3.0517578e-05	308.76672	308.76672	144000	0.0029063884	85886420.0	-0.01687059	-121888.0	3.0430865	0.015657445	0.06775	30.0	821.37326836586
tensor(3648)	tensor(4350)	tensor(15431)	tensor(21098)	tensor(16085)	tensor(8167)	tensor(4936)	tensor(3759)	tensor(1818)	tensor(517)	tensor(191)	36	12249.385	10528.3545	36386.758	1035.3109	184.4	317.10126	0.0	317.10126	317.10126	148000	0.0030188882	129515336.0	-0.018397838	-164816.0	3.09325	0.015423919	0.1355	29.0	836.4167938232422
tensor(3928)	tensor(7729)	tensor(17769)	tensor(18189)	tensor(15372)	tensor(7074)	tensor(4239)	tensor(3534)	tensor(1587)	tensor(436)	tensor(143)	37	8630.045	7994.287	27119.057	184.04816	125.77419	326.36224	3.0517578e-05	326.3622	326.3622	152000	0.0027942103	76450610.0	-0.015823139	-94336.0	3.0812795	0.0151160555	0.29025	20.0	851.4135310649872
tensor(4039)	tensor(6621)	tensor(17478)	tensor(19275)	tensor(15476)	tensor(7159)	tensor(4596)	tensor(3406)	tensor(1411)	tensor(411)	tensor(128)	38	10284.034	8370.2295	32156.521	312.00986	151.56	333.35086	3.0517578e-05	333.3509	333.3509	156000	0.0027844391	85321270.0	-0.021827517	-99808.0	3.0265918	0.015047867	0.159	51.0	868.4610283374786
tensor(4317)	tensor(6265)	tensor(16659)	tensor(19700)	tensor(15896)	tensor(6981)	tensor(4960)	tensor(3224)	tensor(1382)	tensor(450)	tensor(166)	39	8857.502	5305.121	17990.904	530.2234	129.73334	340.27924	6.1035156e-05	340.27917	340.27917	160000	0.002832102	42428372.0	-0.013530827	-53252.0	2.9910722	0.016615495	0.265	12.0	883.3926582336426
tensor(4041)	tensor(6327)	tensor(16817)	tensor(19048)	tensor(15895)	tensor(7228)	tensor(4795)	tensor(3359)	tensor(1789)	tensor(505)	tensor(196)	40	7836.0396	7678.5977	34193.555	247.9136	116.82353	345.4322	6.1029434e-05	345.43225	345.43222	164000	0.0029144553	75894350.0	-0.009973021	-75352.0	2.9314864	0.01509106	0.23975	11.0	898.7140493392944
tensor(3999)	tensor(6667)	tensor(17585)	tensor(18689)	tensor(15805)	tensor(7032)	tensor(4506)	tensor(3282)	tensor(1699)	tensor(593)	tensor(143)	41	12843.051	8451.5625	35725.887	2086.9536	188.4	351.3516	6.1035156e-05	351.35165	351.35165	168000	0.0028449483	99236856.0	-0.012160954	-107064.0	2.7708142	0.015703123	0.14575	15.0	913.0046570301056
tensor(3135)	tensor(6476)	tensor(18004)	tensor(17953)	tensor(17053)	tensor(7408)	tensor(3993)	tensor(3792)	tensor(1650)	tensor(414)	tensor(122)	42	14406.648	9302.267	29148.914	2744.7878	210.88235	358.3231	0.0	358.3231	358.3231	172000	0.002851452	121950460.0	-0.01708681	-136408.0	2.6149077	0.015505204	0.07975	34.0	928.3186292648315
tensor(3910)	tensor(6207)	tensor(16334)	tensor(19140)	tensor(16155)	tensor(7687)	tensor(4245)	tensor(3892)	tensor(1824)	tensor(485)	tensor(121)	43	15640.588	10202.533	36582.6	441.56702	233.375	366.03433	3.0517578e-05	366.03436	366.03436	176000	0.0028828296	129589130.0	-0.0138578545	-139856.0	2.6630237	0.0150366165	0.0975	30.0	943.1922578811646
tensor(3994)	tensor(6404)	tensor(16930)	tensor(19215)	tensor(16606)	tensor(6866)	tensor(4438)	tensor(3528)	tensor(1546)	tensor(349)	tensor(124)	44	16440.096	8300.387	28904.316	2833.9597	241.13333	373.69156	3.0517578e-05	373.6916	373.6916	180000	0.0028005869	119293064.0	-0.017074022	-128544.0	2.7186701	0.01517995	0.1135	42.0	958.4184715747833
tensor(3287)	tensor(6498)	tensor(17392)	tensor(18035)	tensor(16560)	tensor(7685)	tensor(4392)	tensor(3662)	tensor(1784)	tensor(535)	tensor(170)	45	13937.721	10629.756	34758.82	1693.268	207.05263	380.89938	9.1552734e-05	380.8993	380.8993	184000	0.0029350277	128516640.0	-0.020005757	-123416.0	2.746828	0.015154451	0.23675	41.0	973.7106075286865
tensor(3594)	tensor(6163)	tensor(16996)	tensor(18532)	tensor(16647)	tensor(7575)	tensor(4185)	tensor(3707)	tensor(1819)	tensor(595)	tensor(187)	46	9830.374	9096.435	33144.195	442.92923	146.24	387.83188	6.1035156e-05	387.83182	387.83182	188000	0.002952013	104084070.0	-0.016271785	-92304.0	2.8594315	0.015124585	0.08625	32.0	989.057745218277
tensor(3636)	tensor(7133)	tensor(17868)	tensor(18378)	tensor(16346)	tensor(6634)	tensor(4634)	tensor(3355)	tensor(1451)	tensor(411)	tensor(154)	47	9711.903	8059.2593	27758.943	55.45376	142.85715	393.81412	6.1035156e-05	393.81418	393.81418	192000	0.0028103548	80407144.0	-0.022073828	-72432.0	2.8284004	0.015130803	0.1565	74.0	1006.5973660945892
tensor(3329)	tensor(6942)	tensor(17342)	tensor(17644)	tensor(16323)	tensor(7960)	tensor(4364)	tensor(3770)	tensor(1593)	tensor(577)	tensor(156)	48	13941.149	11109.604	37006.234	702.17126	208.89473	399.09033	9.1552734e-05	399.09042	399.09042	196000	0.0029080678	143627400.0	-0.017116345	-123168.0	2.8894875	0.015148531	0.1755	16.0	1021.3107905387878
tensor(3786)	tensor(8121)	tensor(18452)	tensor(16936)	tensor(16528)	tensor(6371)	tensor(4255)	tensor(3536)	tensor(1464)	tensor(395)	tensor(156)	49	8952.372	8415.367	26863.992	117.3764	131.2	405.77063	3.0517578e-05	405.77066	405.77066	200000	0.0027748884	83985630.0	-0.018977135	-72408.0	2.9433155	0.015168258	0.16725	29.0	1037.5364186763763
