rho_bin_0_count	rho_bin_1_count	rho_bin_2_count	rho_bin_3_count	rho_bin_4_count	rho_bin_5_count	rho_bin_6_count	rho_bin_7_count	rho_bin_8_count	rho_bin_9_count	rho_bin_10_count	Epoch	AverageEpRet	StdEpRet	MaxEpRet	MinEpRet	EpLen	AverageVVals	StdVVals	MaxVVals	MinVVals	TotalEnvInteracts	LossPi	LossV	DeltaLossPi	DeltaLossV	Entropy	KL	ClipFrac	StopIter	Time
tensor(25223)	tensor(3173)	tensor(8387)	tensor(10103)	tensor(10067)	tensor(7644)	tensor(4776)	tensor(3337)	tensor(2587)	tensor(1722)	tensor(2981)	0	125.509865	113.11579	960.3182	-10.0	3.6288567	-0.16449921	0.06646952	0.13109264	-0.42107612	4000	0.0050407867	20148.783	-0.044828866	-1486.6836	6.155591	0.015367583	0.2215	13.0	40.19092869758606
tensor(23636)	tensor(3256)	tensor(8934)	tensor(10369)	tensor(10604)	tensor(7803)	tensor(5067)	tensor(3341)	tensor(2611)	tensor(1648)	tensor(2731)	1	142.66426	123.90106	951.604	-10.0	3.9408867	8.495492	0.00043459196	8.495504	8.479332	8000	0.004880987	23113.03	-0.06427957	-1061.1914	6.1496773	0.015902653	0.34075	20.0	78.95463418960571
tensor(22905)	tensor(3338)	tensor(8588)	tensor(10227)	tensor(10621)	tensor(8152)	tensor(5278)	tensor(3457)	tensor(2749)	tensor(1764)	tensor(2921)	2	154.86557	123.88658	742.7282	-10.0	4.138716	14.3605385	0.00034902658	14.36055	14.348879	12000	0.0051116003	21964.715	-0.05405568	-956.7168	6.1177073	0.015643712	0.22875	13.0	114.97137427330017
tensor(22325)	tensor(3410)	tensor(8630)	tensor(10487)	tensor(10966)	tensor(7993)	tensor(5239)	tensor(3730)	tensor(2689)	tensor(1718)	tensor(2813)	3	165.32916	130.82242	962.39954	-10.0	4.265742	19.815777	0.0002217617	19.815784	19.809853	16000	0.0050414894	25168.152	-0.04969555	-968.3047	6.0769506	0.015611493	0.2535	11.0	152.03788900375366
tensor(21401)	tensor(3560)	tensor(8632)	tensor(10890)	tensor(11085)	tensor(8349)	tensor(5244)	tensor(3715)	tensor(2690)	tensor(1802)	tensor(2632)	4	184.70078	144.6837	754.9433	-10.0	4.5819016	25.24188	6.604443e-05	25.241882	25.237705	20000	0.004932296	29852.238	-0.048174705	-1178.0332	6.019851	0.015544415	0.285	11.0	186.39198756217957
tensor(20516)	tensor(3666)	tensor(8750)	tensor(11260)	tensor(11147)	tensor(8103)	tensor(5371)	tensor(3776)	tensor(2761)	tensor(1860)	tensor(2790)	5	203.37654	147.85207	1328.6742	-10.0	4.8250904	31.107994	7.0350914e-05	31.107992	31.104853	24000	0.005110889	32264.88	-0.04929111	-1156.7656	5.951072	0.015627481	0.26475	10.0	219.74699640274048
tensor(19189)	tensor(3860)	tensor(8849)	tensor(11475)	tensor(11831)	tensor(8653)	tensor(5575)	tensor(3660)	tensor(2756)	tensor(1767)	tensor(2385)	6	229.30127	174.39766	1104.3267	-10.0	5.249344	36.86314	0.00019571316	36.863155	36.860672	28000	0.004799209	43006.227	-0.04657145	-1478.4258	5.875441	0.016918158	0.3465	11.0	251.5616147518158
tensor(18486)	tensor(3731)	tensor(8985)	tensor(11624)	tensor(11587)	tensor(8888)	tensor(5664)	tensor(3785)	tensor(2972)	tensor(1757)	tensor(2521)	7	253.20528	191.81136	1916.8118	-10.0	5.568245	43.19018	6.9968635e-05	43.190186	43.188206	32000	0.0049667167	55792.895	-0.043075796	-1702.6328	5.779494	0.017021846	0.27	10.0	282.85061144828796
tensor(17561)	tensor(3805)	tensor(9081)	tensor(12046)	tensor(11914)	tensor(8919)	tensor(5760)	tensor(3923)	tensor(2819)	tensor(1823)	tensor(2349)	8	278.44208	191.65227	1400.6335	-10.0	5.9156804	49.811024	3.5861656e-05	49.81102	49.80943	36000	0.00486123	54492.55	-0.03599075	-1707.3594	5.685202	0.01686709	0.31925	11.0	312.91918540000916
tensor(16253)	tensor(3970)	tensor(9306)	tensor(12866)	tensor(12266)	tensor(9089)	tensor(5620)	tensor(3712)	tensor(2873)	tensor(1757)	tensor(2288)	9	327.71896	221.49677	1241.4025	-10.0	6.6968174	56.297047	9.404434e-05	56.297047	56.295734	40000	0.0048221247	69653.3	-0.042044923	-2226.2812	5.574103	0.01544716	0.29875	10.0	340.63509249687195
tensor(15385)	tensor(4044)	tensor(9503)	tensor(12943)	tensor(12632)	tensor(9202)	tensor(5725)	tensor(3791)	tensor(2897)	tensor(1751)	tensor(2127)	10	351.51834	260.0226	2049.3179	-10.0	7.017575	63.429935	4.6122237e-05	63.429947	63.428867	44000	0.0047200825	101066.77	-0.03311845	-2734.1484	5.455336	0.015814526	0.316	10.0	369.0606725215912
tensor(14874)	tensor(4080)	tensor(9573)	tensor(13502)	tensor(12612)	tensor(9164)	tensor(5982)	tensor(3822)	tensor(2784)	tensor(1668)	tensor(1939)	11	381.21878	283.497	1926.7522	-10.0	7.477528	71.037575	4.3378157e-05	71.03757	71.036674	48000	0.004566273	117932.125	-0.03265325	-2934.4219	5.328543	0.017174836	0.258	10.0	395.9152159690857
tensor(13415)	tensor(4182)	tensor(10193)	tensor(13377)	tensor(13117)	tensor(9437)	tensor(5825)	tensor(3952)	tensor(2940)	tensor(1653)	tensor(1909)	12	448.48184	336.79745	2356.84	-10.0	8.421053	78.631454	2.3161212e-05	78.631454	78.63072	52000	0.004598326	172200.7	-0.032651804	-4007.5	5.213996	0.0154519295	0.25375	9.0	421.5296244621277
tensor(12804)	tensor(4321)	tensor(10267)	tensor(13808)	tensor(13429)	tensor(9674)	tensor(5740)	tensor(3935)	tensor(2694)	tensor(1612)	tensor(1716)	13	496.7766	392.88107	3090.9446	-10.0	9.18894	87.03197	3.3430333e-05	87.03197	87.03136	56000	0.004421368	236301.19	-0.0329215	-4912.7344	5.0972643	0.0152025	0.4535	12.0	444.60773277282715
tensor(11486)	tensor(4369)	tensor(10657)	tensor(14616)	tensor(13798)	tensor(9587)	tensor(5747)	tensor(3810)	tensor(2859)	tensor(1481)	tensor(1590)	14	624.71893	512.3721	3488.2563	-10.0	11.019337	95.833534	2.0116155e-05	95.83354	95.83305	60000	0.0043373946	402369.66	-0.035396464	-7844.5312	4.9249244	0.015770735	0.48225	16.0	467.97196340560913
tensor(11240)	tensor(4296)	tensor(11120)	tensor(14954)	tensor(14167)	tensor(9617)	tensor(5312)	tensor(3758)	tensor(2727)	tensor(1441)	tensor(1368)	15	621.82367	514.6988	3393.525	-10.0	10.986263	106.04016	3.5623023e-05	106.04019	106.03981	64000	0.00411372	376387.75	-0.032317705	-6714.1875	4.74658	0.017249743	0.34925	12.0	489.6978027820587
tensor(9945)	tensor(4712)	tensor(11718)	tensor(14910)	tensor(13951)	tensor(9719)	tensor(5703)	tensor(3826)	tensor(2752)	tensor(1381)	tensor(1383)	16	824.20593	686.7883	3952.462	-10.0	13.919861	114.99327	2.7607974e-05	114.993256	114.99293	68000	0.0041634417	696877.56	-0.02641968	-11171.4375	4.5764947	0.015594691	0.24525	11.0	511.26412534713745
tensor(9335)	tensor(4630)	tensor(12054)	tensor(15878)	tensor(14081)	tensor(9694)	tensor(5411)	tensor(3822)	tensor(2564)	tensor(1377)	tensor(1154)	17	995.30786	897.0922	5372.5317	-10.0	16.392563	125.48856	1.6248998e-05	125.48857	125.48831	72000	0.0039550117	1336462.0	-0.026233464	-16331.25	4.393946	0.015234052	0.26275	13.0	530.5894773006439
tensor(8222)	tensor(4725)	tensor(13384)	tensor(15768)	tensor(14366)	tensor(9540)	tensor(5494)	tensor(3855)	tensor(2475)	tensor(1177)	tensor(994)	18	1103.4486	1045.3805	6240.0796	117.39896	17.914799	136.95216	5.01455e-06	136.95216	136.95198	76000	0.0038051507	1775406.5	-0.024233134	-18340.75	4.160978	0.016369022	0.1915	11.0	549.6367228031158
tensor(7466)	tensor(4683)	tensor(14115)	tensor(17485)	tensor(14634)	tensor(8730)	tensor(4867)	tensor(3772)	tensor(2253)	tensor(1133)	tensor(862)	19	1482.0409	1251.9619	5741.9883	-10.0	23.210526	147.99144	4.648299e-05	147.9914	147.99124	80000	0.0036351583	2299722.8	-0.03483351	-23948.25	3.9763691	0.014404659	0.36225	79.0	572.3375189304352
tensor(7287)	tensor(4887)	tensor(13205)	tensor(16160)	tensor(15110)	tensor(9483)	tensor(5386)	tensor(4021)	tensor(2620)	tensor(1066)	tensor(775)	20	1783.0514	1491.6603	7450.626	53.443867	27.538462	159.3577	1.5886737e-05	159.35771	159.35759	84000	0.0036466143	3407392.8	-0.025815682	-29639.25	3.8556185	0.0150323305	0.17975	24.0	590.594131231308
tensor(6723)	tensor(6229)	tensor(15679)	tensor(16141)	tensor(15104)	tensor(8310)	tensor(5187)	tensor(3502)	tensor(1847)	tensor(710)	tensor(568)	21	2190.6045	2139.6345	8860.343	54.983612	32.45082	170.79068	1.5531019e-05	170.79066	170.79057	88000	0.0032475963	6814404.5	-0.022359565	-46197.0	3.7706623	0.015208947	0.231	15.0	607.526492357254
tensor(6417)	tensor(5164)	tensor(15561)	tensor(17245)	tensor(15159)	tensor(8413)	tensor(4904)	tensor(3780)	tensor(1863)	tensor(842)	tensor(652)	22	2328.8623	2297.4656	14538.633	119.68071	34.92105	183.3785	2.4722062e-06	183.3785	183.37843	92000	0.0033840798	8921880.0	-0.025718885	-43816.0	3.6421275	0.015012241	0.37825	31.0	624.8708438873291
tensor(6156)	tensor(5489)	tensor(16117)	tensor(16864)	tensor(15364)	tensor(8219)	tensor(4890)	tensor(3623)	tensor(2057)	tensor(701)	tensor(520)	23	2551.9958	2322.0198	10073.354	119.701416	37.75238	194.55672	3.0517578e-05	194.55675	194.55669	96000	0.0032482566	7824872.5	-0.018987115	-38858.5	3.4725554	0.015223781	0.17125	23.0	642.5585196018219
tensor(5824)	tensor(5933)	tensor(15897)	tensor(16913)	tensor(15707)	tensor(8173)	tensor(5044)	tensor(3572)	tensor(1749)	tensor(654)	tensor(534)	24	2921.957	2676.9885	16330.826	-10.0	42.88172	204.37053	1.5319703e-05	204.37051	204.37048	100000	0.0032391793	11362256.0	-0.019421335	-45839.0	3.3248718	0.015532751	0.238	21.0	659.5935590267181
tensor(5913)	tensor(5809)	tensor(15862)	tensor(17164)	tensor(15855)	tensor(7838)	tensor(5517)	tensor(3545)	tensor(1628)	tensor(493)	tensor(376)	25	3960.1377	3211.6	12608.131	119.78361	57.811596	214.30031	3.0502315e-05	214.30034	214.30031	104000	0.0030752274	14996807.0	-0.01919439	-59910.0	3.1706097	0.015526827	0.20125	24.0	675.7619047164917
tensor(6005)	tensor(7062)	tensor(16846)	tensor(17729)	tensor(15248)	tensor(6870)	tensor(4760)	tensor(3198)	tensor(1430)	tensor(492)	tensor(360)	26	4060.6116	3909.9912	20515.879	53.446827	58.117645	224.8423	1.5258789e-05	224.84232	224.84229	108000	0.0029384354	22336622.0	-0.020960454	-72666.0	3.1433551	0.0150652565	0.35025	62.0	693.5969190597534
tensor(5642)	tensor(5562)	tensor(16434)	tensor(18155)	tensor(15570)	tensor(7553)	tensor(4596)	tensor(3744)	tensor(1773)	tensor(573)	tensor(398)	27	3828.53	3249.82	14424.082	119.823944	55.957745	235.60277	1.5293082e-05	235.60275	235.60274	112000	0.0030850319	15736773.0	-0.01565714	-48030.0	3.109743	0.01532036	0.2585	23.0	709.6269953250885
tensor(5098)	tensor(5603)	tensor(16177)	tensor(18572)	tensor(15346)	tensor(7583)	tensor(4301)	tensor(3926)	tensor(2340)	tensor(797)	tensor(257)	28	6508.762	5876.176	27700.84	248.20515	95.80488	244.0545	1.5258789e-05	244.05452	244.05452	116000	0.0030681256	47132730.0	-0.019750288	-121304.0	3.035562	0.012227939	0.56475	79.0	727.4960987567902
tensor(5248)	tensor(6120)	tensor(16218)	tensor(18515)	tensor(15784)	tensor(7170)	tensor(4940)	tensor(3717)	tensor(1594)	tensor(410)	tensor(284)	29	5160.6416	4782.3276	18267.22	311.78738	75.471695	256.02933	3.0509947e-05	256.02936	256.02933	120000	0.0029566248	31309026.0	-0.02140083	-76396.0	2.9311562	0.015762081	0.11825	36.0	743.5625121593475
tensor(5262)	tensor(5421)	tensor(17110)	tensor(19350)	tensor(14808)	tensor(7149)	tensor(4433)	tensor(3714)	tensor(1972)	tensor(577)	tensor(204)	30	5974.9497	4568.1797	15002.748	389.83673	86.59091	265.21878	3.0517578e-05	265.2188	265.2188	124000	0.0029263273	30811550.0	-0.01849327	-70820.0	2.8596187	0.015077059	0.2045	51.0	761.1735942363739
tensor(4958)	tensor(6084)	tensor(17421)	tensor(17711)	tensor(16098)	tensor(7310)	tensor(4559)	tensor(3346)	tensor(1760)	tensor(501)	tensor(252)	31	6676.3945	5892.5386	26381.504	309.60178	96.725	273.61423	3.0631807e-05	273.6142	273.61417	128000	0.0029289152	49326700.0	-0.019761609	-92988.0	2.7888842	0.015128039	0.49175	49.0	778.5397891998291
tensor(5104)	tensor(5094)	tensor(16074)	tensor(19310)	tensor(15981)	tensor(7276)	tensor(4632)	tensor(3810)	tensor(2024)	tensor(480)	tensor(215)	32	6541.401	5884.1694	28456.826	119.854904	95.48718	282.751	9.650506e-07	282.751	282.75098	132000	0.0029710203	54040350.0	-0.0161534	-93048.0	2.6877553	0.015669331	0.151	33.0	794.1998498439789
tensor(5479)	tensor(5693)	tensor(16620)	tensor(18818)	tensor(14936)	tensor(7681)	tensor(4125)	tensor(3996)	tensor(2013)	tensor(453)	tensor(186)	33	9316.26	6118.9595	27822.363	809.1605	136.55173	291.56305	6.1035156e-05	291.5631	291.5631	136000	0.0029046051	55968264.0	-0.0153079005	-99848.0	2.7003577	0.015061392	0.104	23.0	808.8288013935089
tensor(4952)	tensor(5894)	tensor(17618)	tensor(19359)	tensor(15830)	tensor(5864)	tensor(4520)	tensor(3636)	tensor(1706)	tensor(466)	tensor(155)	34	9648.791	6544.7656	25487.482	311.79645	140.32143	300.3073	0.0	300.3073	300.3073	140000	0.0028121325	60177204.0	-0.018178592	-102104.0	2.7164028	0.015037386	0.5385	79.0	826.6832749843597
tensor(4313)	tensor(6010)	tensor(17448)	tensor(19368)	tensor(16708)	tensor(6226)	tensor(4297)	tensor(3351)	tensor(1754)	tensor(397)	tensor(128)	35	8998.288	7723.704	27972.844	1507.128	131.03448	308.83087	0.0	308.83087	308.83087	144000	0.0027955635	78849420.0	-0.015351415	-116064.0	2.6487064	0.015902007	0.13975	32.0	842.2457268238068
tensor(4539)	tensor(8600)	tensor(19823)	tensor(17515)	tensor(15051)	tensor(5403)	tensor(3689)	tensor(3306)	tensor(1518)	tensor(434)	tensor(122)	36	12596.642	8157.081	28150.953	971.17993	179.04546	317.54813	3.0517578e-05	317.54816	317.54816	148000	0.0026440807	91371380.0	-0.012772574	-134664.0	2.6857586	0.015173211	0.339	21.0	857.0087196826935
tensor(4990)	tensor(6184)	tensor(18354)	tensor(19137)	tensor(15216)	tensor(5987)	tensor(4374)	tensor(3416)	tensor(1796)	tensor(413)	tensor(133)	37	8663.566	7294.5117	26667.184	183.98074	125.77419	326.545	3.0517578e-05	326.54504	326.54504	152000	0.0027602369	67356310.0	-0.019376352	-90472.0	2.6652353	0.01188155	0.2785	79.0	874.4817702770233
tensor(5019)	tensor(7067)	tensor(18183)	tensor(18226)	tensor(15213)	tensor(6398)	tensor(4196)	tensor(3290)	tensor(1820)	tensor(451)	tensor(137)	38	11522.969	8000.124	26468.848	638.77576	165.66667	333.82806	3.0517578e-05	333.82803	333.82803	156000	0.0027560664	83497440.0	-0.016399795	-113176.0	2.6587124	0.0100427335	0.113	79.0	892.23299908638
tensor(4960)	tensor(6770)	tensor(17874)	tensor(18060)	tensor(16077)	tensor(6273)	tensor(4429)	tensor(3291)	tensor(1692)	tensor(403)	tensor(171)	39	9531.7295	7435.046	24568.912	376.2022	138.42857	341.63034	3.0540457e-05	341.6303	341.63028	160000	0.002790351	69329600.0	-0.016059252	-87728.0	2.77282	0.015115029	0.136	47.0	908.2279236316681
tensor(5256)	tensor(6097)	tensor(16427)	tensor(19335)	tensor(15510)	tensor(7197)	tensor(4495)	tensor(3453)	tensor(1819)	tensor(295)	tensor(116)	40	12972.186	8625.433	37813.07	321.83728	190.09525	348.46423	9.1593414e-05	348.46414	348.46408	164000	0.002780026	104875870.0	-0.014695574	-121712.0	2.8387907	0.015354002	0.1915	41.0	924.7235674858093
tensor(5627)	tensor(5362)	tensor(16671)	tensor(20037)	tensor(15000)	tensor(6256)	tensor(4314)	tensor(3849)	tensor(2136)	tensor(555)	tensor(193)	41	9487.549	8847.96	37251.254	181.62822	140.89285	356.20642	6.105423e-05	356.20636	356.20633	168000	0.002906585	96770020.0	-0.014792624	-103680.0	2.9036827	0.015371338	0.32675	16.0	939.1857764720917
tensor(5766)	tensor(5870)	tensor(16621)	tensor(18613)	tensor(15419)	tensor(6867)	tensor(4778)	tensor(3731)	tensor(1704)	tensor(440)	tensor(191)	42	9233.832	6528.703	27250.746	1321.4989	133.89655	363.30063	0.0	363.30063	363.30063	172000	0.0028662882	62899450.0	-0.017695615	-66920.0	2.8661234	0.01044332	0.28225	79.0	958.1206669807434
tensor(6019)	tensor(5877)	tensor(17470)	tensor(18388)	tensor(14781)	tensor(6519)	tensor(4757)	tensor(3701)	tensor(1766)	tensor(493)	tensor(229)	43	8453.484	7092.5244	25136.363	184.06026	123.78125	368.99722	1.6715167e-06	368.99722	368.99716	176000	0.0028804955	63072280.0	-0.019910786	-68592.0	2.8474803	0.015013609	0.25225	61.0	974.8528225421906
tensor(6020)	tensor(6118)	tensor(18034)	tensor(18859)	tensor(14648)	tensor(5983)	tensor(4105)	tensor(3611)	tensor(1928)	tensor(539)	tensor(155)	44	9596.514	7127.0654	26599.018	770.7296	140.89285	374.65817	6.823938e-07	374.65817	374.65814	180000	0.0027847632	67173470.0	-0.019327128	-71072.0	2.8191745	0.015477768	0.21775	50.0	990.8136546611786
tensor(5370)	tensor(6076)	tensor(17444)	tensor(18970)	tensor(15284)	tensor(6337)	tensor(4225)	tensor(3596)	tensor(2036)	tensor(473)	tensor(189)	45	11581.825	7418.291	26798.87	1235.9265	170.34782	380.39874	0.0	380.39874	380.39874	184000	0.0028522802	75058530.0	-0.018199565	-84480.0	2.789237	0.015058028	0.23225	57.0	1007.2577199935913
tensor(6243)	tensor(6738)	tensor(16427)	tensor(17639)	tensor(14547)	tensor(7542)	tensor(5148)	tensor(3156)	tensor(1698)	tensor(648)	tensor(214)	46	8996.447	7059.191	26817.225	376.37445	132.56667	386.5884	6.101799e-05	386.58847	386.58844	188000	0.0028812494	64883530.0	-0.017219009	-68528.0	2.820881	0.015250614	0.11175	35.0	1022.8126442432404
tensor(4551)	tensor(5675)	tensor(17347)	tensor(18605)	tensor(15830)	tensor(7119)	tensor(5026)	tensor(3294)	tensor(1795)	tensor(596)	tensor(162)	47	9218.909	7473.8784	27646.404	971.2085	137.13792	392.19632	3.0517578e-05	392.19635	392.19635	192000	0.0029002686	72255380.0	-0.013591598	-73776.0	2.7062726	0.0155107295	0.08475	22.0	1037.6705467700958
tensor(5224)	tensor(6676)	tensor(17145)	tensor(18570)	tensor(14955)	tensor(6873)	tensor(4135)	tensor(3601)	tensor(2034)	tensor(653)	tensor(134)	48	15677.458	9213.465	34675.934	2087.062	233.29411	397.9398	6.1035156e-05	397.93973	397.93973	196000	0.0028481288	118784820.0	-0.016224472	-128904.0	2.671245	0.015115709	0.17925	68.0	1054.5102353096008
tensor(4320)	tensor(5901)	tensor(17877)	tensor(17163)	tensor(15953)	tensor(7900)	tensor(5211)	tensor(3396)	tensor(1628)	tensor(491)	tensor(160)	49	8206.405	8482.488	33979.8	321.85883	123.03226	405.32855	3.055189e-05	405.32852	405.3285	200000	0.0028946563	86799030.0	-0.017223371	-84136.0	2.707902	0.01514049	0.24625	32.0	1070.4122319221497
